Card #1
| 19| | 14| |  6| 
| 20| |  3| | 15| 
| 11| |  7| | 17| 

Card #2
|  7| | 13| | 20| 
| 15| | 12| | 10| 
| 17| | 14| | 18| 

Card #3
| 15| | 20| | 19| 
| 14| |  5| | 16| 
| 17| |  8| | 13| 

Card #4
| 10| | 18| | 16| 
| 15| |  7| | 19| 
| 20| | 17| | 12| 

Card #5
| 20| | 13| |  5| 
| 11| | 19| |  1| 
| 17| | 15| |  6| 

Card #6
|  5| | 18| | 15| 
| 13| | 20| | 19| 
| 16| |  7| |  3| 

Card #7
| 20| | 12| | 16| 
|  8| |  6| |  3| 
| 18| | 17| | 19| 

Card #8
| 11| | 14| | 20| 
| 15| | 18| | 13| 
| 16| |  1| | 19| 

Card #9
|  8| | 12| | 17| 
| 16| | 19| | 13| 
| 10| |  4| | 20| 

Card #10
| 19| | 13| | 18| 
| 20| |  1| | 11| 
| 17| | 16| | 14| 

Card #11
|  4| |  3| | 17| 
| 15| | 19| | 18| 
| 13| | 10| | 20| 

Card #12
|  2| | 11| | 20| 
|  4| |  6| | 15| 
| 18| | 12| | 17| 

Card #13
| 19| |  2| | 16| 
| 15| | 13| | 20| 
| 10| |  8| |  7| 

Card #14
| 20| |  8| | 15| 
|  7| | 16| | 17| 
| 19| |  3| | 18| 

Card #15
| 19| | 14| |  4| 
| 18| | 11| | 17| 
| 10| |  2| | 20| 

Card #16
| 13| | 19| | 18| 
| 16| | 20| | 12| 
| 15| |  4| |  1| 

Card #17
|  8| |  1| |  4| 
| 17| | 18| |  3| 
| 14| | 12| | 20| 

Card #18
| 15| | 17| | 20| 
|  5| | 18| | 13| 
| 12| |  6| | 14| 

Card #19
| 17| | 20| | 11| 
| 14| | 16| | 19| 
| 12| |  2| |  1| 

Card #20
|  2| | 16| | 20| 
| 15| | 18| | 17| 
| 19| |  9| | 12| 

Card #21
| 11| | 13| | 14| 
|  8| | 20| | 15| 
| 19| | 18| | 16| 

Card #22
| 16| | 20| | 18| 
| 10| | 14| | 19| 
| 15| | 17| |  6| 

Card #23
| 11| | 15| | 12| 
| 18| | 10| | 19| 
| 14| | 13| | 20| 

Card #24
| 19| |  7| | 10| 
|  9| | 16| | 14| 
| 17| | 20| | 18| 

Card #25
| 12| | 18| | 13| 
| 10| | 19| | 20| 
| 17| | 14| |  2| 

Card #26
| 16| | 20| |  9| 
| 17| | 13| |  4| 
| 18| | 14| |  3| 

Card #27
| 20| | 12| |  4| 
| 18| |  1| | 19| 
|  5| | 14| |  7| 

Card #28
| 12| | 16| |  5| 
| 18| | 15| | 10| 
| 13| | 19| | 20| 

Card #29
| 13| | 20| | 18| 
|  9| |  2| |  6| 
| 12| | 19| | 15| 

Card #30
| 20| |  2| | 19| 
| 18| | 16| | 10| 
| 11| |  4| | 14| 

Card #31
| 16| | 19| | 10| 
| 15| | 18| | 20| 
| 11| | 17| |  9| 

Card #32
| 15| | 20| | 14| 
| 19| |  6| |  9| 
| 17| |  5| |  4| 

Card #33
| 17| | 11| | 20| 
| 19| |  9| | 18| 
| 16| | 12| | 13| 

Card #34
| 20| |  1| | 18| 
| 15| |  6| | 14| 
| 13| | 16| | 19| 

Card #35
| 15| | 12| | 20| 
|  9| | 18| | 16| 
| 17| |  7| | 19| 

Card #36
|  9| | 15| | 19| 
| 13| | 18| | 12| 
|  6| | 16| | 20| 

Card #37
| 13| | 19| | 12| 
| 20| | 16| | 15| 
| 18| | 14| | 17| 

Card #38
| 18| | 14| | 19| 
|  6| | 20| | 16| 
| 12| |  4| | 17| 

Card #39
| 13| | 17| |  1| 
| 19| |  4| | 20| 
| 14| |  2| |  8| 

Card #40
|  9| | 20| | 18| 
|  5| |  8| | 13| 
| 19| | 16| |  2| 

Card #41
|  9| | 18| | 17| 
| 11| | 13| | 20| 
| 15| | 19| |  4| 

Card #42
| 17| |  5| | 19| 
| 20| | 11| | 18| 
|  1| |  8| |  7| 

Card #43
| 10| | 20| | 14| 
| 15| | 19| |  8| 
| 13| | 11| |  1| 

Card #44
|  9| | 17| | 18| 
| 16| |  4| | 13| 
| 20| |  5| |  1| 

Card #45
| 19| |  5| | 13| 
|  4| |  6| |  8| 
| 10| | 20| | 18| 

Card #46
| 14| | 19| | 20| 
|  2| | 13| | 10| 
| 17| | 16| |  8| 

Card #47
| 17| | 18| |  5| 
| 19| | 11| | 15| 
| 13| | 16| | 20| 

Card #48
| 15| | 18| | 13| 
| 17| |  7| |  4| 
| 19| |  5| | 20| 

Card #49
|  2| | 17| | 11| 
| 13| | 20| |  5| 
| 19| |  8| |  6| 

Card #50
| 10| | 14| | 18| 
|  7| | 13| | 17| 
| 19| | 20| | 16| 

Card #51
| 14| | 17| | 19| 
| 18| | 15| | 12| 
|  3| | 16| | 20| 

Card #52
| 20| | 15| | 11| 
| 19| |  4| | 10| 
| 17| | 18| | 16| 

Card #53
| 14| |  9| | 15| 
| 20| | 18| |  3| 
| 16| | 12| | 19| 

Card #54
| 13| | 17| | 19| 
| 14| |  4| | 20| 
| 18| |  9| |  2| 

Card #55
|  2| | 20| | 15| 
| 17| | 19| | 18| 
|  9| | 13| | 11| 

Card #56
| 20| |  3| |  4| 
| 11| | 18| | 15| 
|  1| | 19| | 16| 

Card #57
| 17| | 18| | 14| 
| 12| | 11| | 13| 
|  9| | 20| | 19| 

Card #58
| 19| | 12| | 15| 
| 17| |  7| | 10| 
|  5| | 18| | 20| 

Card #59
| 17| | 18| |  8| 
| 19| | 15| | 10| 
| 20| |  5| | 12| 

Card #60
| 13| | 16| |  9| 
| 20| |  7| | 14| 
| 18| | 15| |  8| 

Card #61
| 10| | 19| | 18| 
|  4| | 20| |  1| 
| 14| | 13| | 17| 

Card #62
|  2| | 16| | 13| 
| 11| | 20| | 17| 
|  9| | 19| | 12| 

Card #63
|  6| | 18| | 17| 
| 12| | 14| |  1| 
| 19| | 20| | 13| 

Card #64
| 15| | 10| | 18| 
| 16| | 20| | 12| 
| 17| |  6| | 19| 

Card #65
| 20| |  1| | 14| 
| 18| |  9| |  2| 
| 19| | 11| |  7| 

Card #66
| 17| | 12| | 18| 
| 16| |  8| | 15| 
| 14| | 19| | 20| 

Card #67
| 16| | 11| | 17| 
| 18| | 20| |  6| 
| 14| | 19| |  5| 

Card #68
|  6| | 18| | 15| 
| 19| | 17| | 14| 
| 16| | 10| | 20| 

Card #69
| 19| |  4| |  8| 
| 11| | 16| | 18| 
| 13| | 15| | 20| 

Card #70
|  7| |  6| |  5| 
| 20| | 12| | 19| 
| 15| | 13| | 18| 

Card #71
|  3| | 17| | 20| 
| 19| | 15| | 16| 
|  1| |  9| | 18| 

Card #72
| 20| | 18| | 13| 
|  6| | 19| | 11| 
|  4| | 16| | 15| 

Card #73
|  4| | 19| |  1| 
| 20| |  5| |  2| 
| 15| |  8| |  3| 

Card #74
| 19| | 16| |  3| 
|  7| | 11| | 17| 
| 10| | 20| | 18| 

Card #75
| 17| | 18| | 10| 
|  5| | 20| | 19| 
|  9| |  2| | 16| 

Card #76
| 18| | 20| | 12| 
| 19| | 13| | 16| 
|  9| |  8| | 17| 

Card #77
| 12| | 19| |  8| 
| 17| | 15| | 16| 
| 18| | 20| |  1| 

Card #78
| 15| | 16| | 20| 
| 14| |  3| | 18| 
|  6| |  8| | 19| 

Card #79
|  6| | 15| | 12| 
|  5| | 20| | 19| 
| 18| | 11| | 17| 

Card #80
| 14| | 20| | 11| 
| 16| | 10| | 19| 
| 17| | 13| |  2| 

Card #81
| 17| | 18| | 14| 
| 11| | 20| | 19| 
|  4| |  6| | 13| 

Card #82
| 20| | 18| | 14| 
| 17| |  8| | 11| 
|  6| | 19| |  9| 

Card #83
| 19| | 18| | 17| 
| 16| | 20| |  3| 
|  4| | 15| |  8| 

Card #84
| 12| | 14| |  6| 
| 15| | 17| | 11| 
| 19| | 18| | 20| 

Card #85
| 13| | 17| | 10| 
| 16| | 15| |  7| 
| 18| | 20| | 12| 

Card #86
| 10| | 19| |  3| 
| 18| |  7| |  5| 
| 20| | 17| | 15| 

Card #87
| 19| | 15| | 11| 
| 20| |  3| |  2| 
| 16| | 12| | 10| 

Card #88
|  4| |  5| | 14| 
|  9| | 15| | 19| 
| 17| | 20| | 16| 

Card #89
| 15| | 13| | 11| 
| 20| |  3| | 12| 
| 18| | 17| |  6| 

Card #90
|  6| | 20| |  2| 
| 14| |  7| | 13| 
| 19| | 15| | 17| 

Card #91
| 19| | 13| | 17| 
| 11| |  6| | 18| 
| 14| | 20| | 16| 

Card #92
| 12| | 17| | 18| 
|  6| |  9| |  4| 
| 20| | 15| |  5| 

Card #93
| 13| | 16| | 19| 
|  9| | 20| |  3| 
| 14| | 18| |  5| 

Card #94
|  1| | 20| | 18| 
|  3| | 11| | 14| 
| 19| | 10| | 17| 

Card #95
| 20| | 15| |  5| 
|  9| | 12| | 14| 
| 18| | 17| | 11| 

Card #96
| 13| | 15| |  6| 
| 19| |  7| |  3| 
| 12| | 20| | 18| 

Card #97
|  3| |  8| | 19| 
| 10| | 14| | 13| 
| 18| | 16| | 20| 

Card #98
|  1| | 19| |  3| 
| 12| | 14| | 20| 
| 18| | 15| | 17| 

Card #99
| 15| | 17| | 19| 
| 14| | 18| | 13| 
| 12| |  3| | 20| 

Card #100
| 20| | 16| |  5| 
|  3| |  8| | 19| 
| 18| | 17| | 11| 

Card #101
|  3| | 13| |  9| 
| 20| | 19| |  7| 
| 16| | 10| | 14| 

Card #102
| 20| |  1| | 11| 
| 16| |  8| | 12| 
| 18| | 15| | 19| 

Card #103
| 15| | 17| |  3| 
| 20| |  6| |  7| 
| 18| |  5| | 14| 

Card #104
|  5| | 19| |  8| 
| 13| | 14| | 16| 
| 20| | 18| |  3| 

Card #105
|  3| |  7| | 12| 
| 19| | 10| | 16| 
| 20| | 18| |  6| 

Card #106
| 20| | 19| | 12| 
|  2| | 16| |  5| 
| 17| |  9| | 13| 

Card #107
| 13| | 19| | 16| 
| 12| |  3| | 17| 
| 18| | 20| |  5| 

Card #108
|  4| | 13| | 18| 
| 17| | 15| | 20| 
| 11| | 19| |  3| 

Card #109
| 17| | 19| | 18| 
| 11| | 13| | 12| 
| 20| |  1| | 16| 

Card #110
| 18| | 20| |  8| 
|  5| |  9| | 15| 
| 12| | 19| |  4| 

Card #111
| 19| |  4| |  3| 
| 16| | 13| | 14| 
| 17| |  8| | 20| 

Card #112
| 19| | 20| |  8| 
|  9| | 13| | 11| 
| 16| | 12| |  6| 

Card #113
|  5| | 19| | 18| 
|  4| | 20| | 14| 
|  7| |  2| | 13| 

Card #114
| 14| |  5| | 17| 
| 12| | 16| | 19| 
| 20| | 18| |  8| 

Card #115
| 18| | 17| | 13| 
| 19| | 15| | 20| 
| 16| | 12| |  8| 

Card #116
| 16| | 10| | 15| 
|  5| | 13| | 19| 
| 18| | 20| |  4| 

Card #117
|  8| | 12| | 16| 
|  5| | 18| | 20| 
| 19| | 15| |  2| 

Card #118
| 20| |  1| |  2| 
|  9| | 15| | 19| 
| 16| | 18| |  6| 

Card #119
| 18| | 20| | 10| 
| 19| | 12| |  7| 
| 13| | 14| |  8| 

Card #120
| 10| | 19| |  8| 
| 16| |  9| |  2| 
| 17| | 20| | 15| 

Card #121
| 19| | 17| | 14| 
| 18| | 15| |  7| 
|  8| | 13| | 20| 

Card #122
| 19| | 13| | 15| 
|  9| | 17| |  3| 
|  7| | 20| |  4| 

Card #123
| 10| | 16| | 19| 
| 13| | 17| | 11| 
|  4| | 18| | 20| 

Card #124
|  7| |  1| | 17| 
| 19| | 20| | 16| 
| 18| |  3| | 15| 

Card #125
|  8| | 18| | 20| 
| 12| |  1| | 16| 
| 19| | 15| | 10| 

Card #126
|  2| | 18| | 19| 
| 16| | 20| |  7| 
| 15| |  6| | 14| 

Card #127
|  8| |  3| | 19| 
| 17| | 10| | 18| 
| 15| | 20| |  7| 

Card #128
| 16| |  1| |  3| 
| 20| | 10| | 18| 
| 13| | 17| |  6| 

Card #129
|  8| |  3| | 15| 
| 14| | 17| |  7| 
| 13| | 19| | 20| 

Card #130
| 15| |  6| | 19| 
| 17| | 13| |  4| 
| 20| | 18| |  3| 

Card #131
|  5| | 13| |  2| 
|  7| | 20| |  4| 
| 19| | 10| | 16| 

Card #132
| 13| |  1| | 17| 
| 11| | 20| | 12| 
| 16| | 18| | 19| 

Card #133
|  5| | 11| | 13| 
| 18| | 12| | 19| 
|  9| | 15| | 20| 

Card #134
|  7| | 13| |  3| 
| 16| | 20| | 18| 
| 14| | 17| |  2| 

Card #135
| 18| | 20| |  6| 
| 16| |  2| | 19| 
|  4| |  5| | 14| 

Card #136
|  9| |  4| | 16| 
| 10| | 20| | 18| 
| 13| | 17| |  5| 

Card #137
| 17| | 18| | 19| 
|  1| |  2| | 20| 
| 16| | 15| | 14| 

Card #138
|  3| | 13| |  1| 
| 18| | 20| | 19| 
| 12| |  8| | 14| 

Card #139
|  8| |  6| |  3| 
| 18| | 19| |  9| 
| 13| | 20| | 12| 

Card #140
| 12| | 20| | 17| 
| 16| | 14| | 15| 
| 19| |  5| |  6| 

Card #141
|  4| | 16| | 14| 
| 18| | 15| | 11| 
| 10| | 20| | 19| 

Card #142
| 12| |  1| | 19| 
| 16| |  3| | 20| 
|  5| | 18| |  6| 

Card #143
| 19| | 18| | 15| 
| 11| |  6| | 20| 
| 16| | 12| | 13| 

Card #144
|  4| |  1| | 18| 
| 19| | 12| |  9| 
| 17| | 16| | 20| 

Card #145
|  4| | 16| | 13| 
| 20| |  1| | 17| 
| 18| | 10| |  5| 

Card #146
| 19| | 18| |  6| 
|  7| | 16| | 20| 
|  1| |  8| | 14| 

Card #147
| 20| | 15| | 10| 
| 17| | 11| |  1| 
| 18| | 16| | 19| 

Card #148
| 14| | 19| | 20| 
|  3| | 11| | 18| 
| 12| | 16| | 13| 

Card #149
|  3| | 14| | 11| 
| 10| | 17| |  7| 
| 18| | 20| | 19| 

Card #150
|  5| | 20| | 11| 
|  8| | 12| | 19| 
| 16| |  6| |  9| 

Card #151
| 13| |  2| | 17| 
| 20| | 11| |  3| 
|  6| | 18| | 19| 

Card #152
| 19| | 17| |  3| 
|  8| | 10| | 14| 
| 13| |  5| | 20| 

Card #153
| 11| |  2| | 10| 
| 20| | 19| |  1| 
|  9| | 16| | 14| 

Card #154
|  2| | 16| | 20| 
| 17| | 15| | 14| 
| 19| | 18| |  4| 

Card #155
| 17| |  9| | 12| 
| 18| | 19| | 15| 
| 16| | 20| | 14| 

Card #156
| 17| | 18| | 16| 
| 15| |  7| | 19| 
| 20| | 12| |  1| 

Card #157
|  3| | 20| | 11| 
| 19| | 15| | 13| 
| 17| | 14| |  7| 

Card #158
|  6| | 18| | 13| 
| 16| | 15| | 20| 
| 19| |  5| | 17| 

Card #159
| 11| | 19| |  3| 
| 13| | 17| | 20| 
| 18| | 15| |  7| 

Card #160
|  2| | 20| | 10| 
| 14| | 17| | 13| 
| 15| | 19| | 12| 

Card #161
|  6| | 11| | 17| 
| 19| | 12| | 16| 
|  4| | 18| | 20| 

Card #162
|  5| | 17| | 14| 
| 20| | 11| | 12| 
| 19| |  9| | 13| 

Card #163
| 15| | 20| | 16| 
| 12| |  6| | 19| 
| 14| | 17| | 11| 

Card #164
| 19| | 13| | 10| 
| 11| | 16| |  7| 
| 20| | 14| | 18| 

Card #165
|  8| |  7| | 19| 
| 15| | 11| | 20| 
| 18| |  3| | 13| 

Card #166
|  3| | 20| | 13| 
|  2| | 17| | 14| 
| 16| | 18| |  5| 

Card #167
|  3| |  6| | 17| 
| 14| | 20| |  2| 
|  5| | 18| | 15| 

Card #168
|  3| | 10| | 20| 
| 17| |  9| | 13| 
| 15| | 18| | 19| 

Card #169
|  7| |  4| | 19| 
| 14| | 18| | 20| 
| 12| | 15| | 16| 

Card #170
| 14| | 17| |  1| 
| 11| | 19| | 20| 
| 18| | 16| | 15| 

Card #171
| 19| | 16| |  1| 
| 14| | 18| | 20| 
|  6| | 12| |  7| 

Card #172
| 20| | 12| | 17| 
| 16| | 13| | 14| 
| 10| |  6| | 15| 

Card #173
|  7| | 15| |  5| 
| 19| | 13| | 17| 
| 11| | 16| | 20| 

Card #174
| 18| | 20| | 19| 
| 10| | 17| |  2| 
|  3| | 14| |  9| 

Card #175
| 17| |  5| | 16| 
| 19| |  8| | 18| 
| 20| |  1| |  9| 

Card #176
| 16| |  1| | 17| 
| 18| |  9| | 20| 
| 19| |  3| | 13| 

Card #177
|  6| |  8| | 18| 
|  7| | 17| | 19| 
| 15| | 20| | 11| 

Card #178
| 13| | 17| |  4| 
| 10| |  5| | 20| 
| 12| | 19| | 16| 

Card #179
|  7| | 11| | 18| 
| 12| | 14| | 20| 
|  6| | 17| | 19| 

Card #180
|  3| | 16| | 20| 
|  9| | 17| | 10| 
| 15| |  2| | 18| 

Card #181
|  4| | 18| |  7| 
|  5| | 15| | 12| 
| 20| | 13| | 19| 

Card #182
|  7| | 18| |  2| 
| 19| | 20| |  1| 
| 15| |  3| |  9| 

Card #183
| 19| | 18| | 16| 
| 15| |  9| | 20| 
| 11| |  4| | 13| 

Card #184
| 16| | 20| |  7| 
| 18| |  3| |  8| 
| 19| | 13| | 17| 

Card #185
| 20| |  9| |  1| 
| 11| | 12| | 16| 
| 17| | 18| | 19| 

Card #186
|  3| | 11| | 15| 
| 18| | 20| |  2| 
| 10| | 19| |  6| 

Card #187
| 10| | 18| | 14| 
| 13| |  5| | 20| 
| 17| |  2| |  8| 

Card #188
|  8| | 15| | 14| 
| 10| | 20| | 18| 
|  1| | 16| | 19| 

Card #189
| 14| | 20| |  5| 
| 16| | 19| |  8| 
|  2| | 15| | 18| 

Card #190
| 14| | 19| |  1| 
| 17| | 12| |  8| 
| 20| |  3| |  9| 

Card #191
| 11| |  7| | 15| 
|  6| | 19| |  5| 
| 20| | 10| | 14| 

Card #192
| 15| | 20| |  6| 
| 19| | 11| | 10| 
|  9| | 13| | 18| 

Card #193
| 17| |  9| | 20| 
| 16| | 19| |  7| 
|  2| | 13| |  1| 

Card #194
| 18| | 20| |  2| 
| 13| |  9| |  8| 
| 19| | 14| | 15| 

Card #195
|  4| |  1| | 13| 
|  3| | 18| | 17| 
| 10| | 19| | 20| 

Card #196
| 14| | 16| | 20| 
|  5| | 13| | 19| 
| 18| |  7| |  1| 

Card #197
| 13| | 17| | 19| 
| 16| | 18| |  8| 
|  3| |  2| | 20| 

Card #198
| 18| | 10| | 17| 
| 19| | 13| | 16| 
| 15| | 14| | 20| 

Card #199
| 19| | 14| | 20| 
| 18| |  1| |  6| 
| 10| | 13| |  9| 

Card #200
| 15| | 18| | 10| 
|  6| | 20| | 17| 
| 13| | 16| |  2| 

Card #201
| 15| | 11| | 20| 
|  9| |  6| | 13| 
| 10| | 19| | 16| 

Card #202
|  1| |  5| | 14| 
| 18| |  3| |  7| 
| 19| | 20| | 17| 

Card #203
| 15| | 11| | 20| 
|  7| |  8| | 19| 
| 18| | 10| | 16| 

Card #204
| 12| | 11| |  4| 
|  5| |  6| | 18| 
|  7| | 15| | 20| 

Card #205
| 20| | 12| | 19| 
| 14| | 16| | 15| 
| 18| |  6| |  8| 

Card #206
|  5| | 11| |  7| 
| 19| | 14| |  2| 
| 15| | 20| | 18| 

Card #207
| 11| |  3| | 17| 
| 19| |  6| |  9| 
| 20| |  8| | 16| 

Card #208
| 20| | 19| |  7| 
| 10| | 13| | 17| 
|  8| |  1| | 15| 

Card #209
| 20| | 15| | 13| 
|  2| | 10| | 16| 
| 19| |  3| | 18| 

Card #210
| 20| |  8| | 11| 
| 15| | 18| |  1| 
|  4| | 16| | 10| 

Card #211
| 16| | 18| |  4| 
| 20| |  8| | 17| 
|  1| |  9| | 14| 

Card #212
|  4| |  2| | 14| 
| 20| |  6| | 17| 
| 19| | 11| | 12| 

Card #213
| 15| |  9| | 19| 
|  2| |  7| |  6| 
| 13| | 20| | 18| 

Card #214
|  2| | 17| | 14| 
| 18| | 13| | 16| 
|  9| | 20| | 11| 

Card #215
| 15| | 17| | 20| 
| 19| | 14| |  4| 
| 18| |  8| | 13| 

Card #216
| 17| | 18| | 20| 
| 16| | 13| |  9| 
| 19| |  5| |  8| 

Card #217
| 20| |  1| | 14| 
| 10| | 19| |  6| 
| 16| | 18| | 12| 

Card #218
| 19| |  2| |  9| 
| 17| | 14| | 18| 
|  7| |  3| | 20| 

Card #219
| 12| |  5| | 15| 
| 14| | 16| |  9| 
| 20| | 10| | 19| 

Card #220
| 15| | 18| |  5| 
| 20| | 17| | 11| 
| 12| | 19| |  9| 

Card #221
|  2| | 17| | 16| 
|  1| |  6| | 12| 
|  8| | 20| | 18| 

Card #222
| 19| | 11| | 12| 
| 20| | 14| | 16| 
|  5| |  8| | 15| 

Card #223
| 13| | 17| | 16| 
|  2| | 14| | 20| 
| 15| | 19| |  4| 

Card #224
| 15| | 16| | 11| 
| 20| | 18| |  1| 
| 19| | 17| |  4| 

Card #225
|  2| | 20| | 12| 
| 17| | 16| |  5| 
|  3| |  9| | 19| 

Card #226
|  2| | 18| | 13| 
| 15| | 19| | 16| 
|  3| | 20| | 11| 

Card #227
|  7| |  3| |  1| 
| 18| | 19| | 20| 
|  6| | 13| | 16| 

Card #228
| 13| | 15| | 17| 
|  6| |  4| | 16| 
|  8| | 10| | 20| 

Card #229
| 14| | 11| |  4| 
| 18| | 15| | 20| 
| 17| |  8| | 13| 

Card #230
| 13| | 16| |  8| 
| 18| | 15| | 10| 
| 20| | 11| | 17| 

Card #231
|  6| | 20| | 13| 
| 17| | 18| | 19| 
|  7| | 12| | 10| 

Card #232
| 17| |  7| | 18| 
| 15| |  9| | 12| 
| 19| |  6| | 20| 

Card #233
| 14| | 18| |  5| 
| 19| |  9| | 15| 
| 20| | 13| | 17| 

Card #234
|  6| | 13| | 18| 
| 17| | 19| | 16| 
|  4| | 20| | 15| 

Card #235
|  2| | 20| | 12| 
|  7| | 15| | 19| 
| 17| |  9| | 18| 

Card #236
| 18| |  2| | 17| 
| 11| | 15| | 20| 
|  5| | 13| | 14| 

Card #237
| 18| |  7| | 19| 
| 17| | 10| |  9| 
| 20| | 13| | 15| 

Card #238
| 17| | 18| | 19| 
| 16| |  6| | 10| 
| 20| | 11| |  5| 

Card #239
|  3| | 17| | 18| 
| 11| |  8| | 20| 
|  2| |  7| | 13| 

Card #240
| 16| |  5| |  9| 
|  7| |  6| | 17| 
| 18| | 20| | 19| 

Card #241
| 14| |  6| | 15| 
| 10| | 19| | 16| 
| 17| | 20| | 18| 

Card #242
| 14| | 20| | 13| 
| 18| | 17| | 19| 
|  6| |  9| |  5| 

Card #243
| 15| | 17| |  1| 
|  8| | 16| | 20| 
| 14| | 13| | 19| 

Card #244
| 19| | 18| | 16| 
| 12| |  8| | 20| 
| 17| |  3| |  9| 

Card #245
| 13| | 16| | 20| 
|  8| | 19| | 18| 
| 17| |  7| |  1| 

Card #246
| 18| | 14| | 17| 
| 20| | 12| |  8| 
|  4| | 15| | 19| 

Card #247
| 20| | 13| | 10| 
| 18| | 16| | 19| 
| 17| |  4| | 12| 

Card #248
| 11| | 18| | 15| 
| 10| | 19| | 16| 
| 17| |  3| | 20| 

Card #249
| 18| | 15| | 13| 
| 10| | 16| | 20| 
| 11| | 17| |  9| 

Card #250
|  4| | 20| | 17| 
|  9| | 14| | 13| 
| 19| | 10| | 16| 

Card #251
| 13| | 14| | 19| 
| 20| | 18| | 15| 
|  3| | 16| | 10| 

Card #252
|  5| | 16| | 17| 
| 14| | 19| | 20| 
|  8| | 11| | 15| 

Card #253
| 12| |  4| | 17| 
| 10| | 18| | 19| 
|  3| | 20| |  9| 

Card #254
|  3| | 13| |  7| 
| 16| |  4| | 20| 
| 18| |  9| |  1| 

Card #255
| 13| | 18| | 15| 
| 19| | 16| |  4| 
| 20| |  6| | 12| 

Card #256
|  3| | 19| | 18| 
| 17| |  4| | 15| 
| 11| | 20| | 13| 

Card #257
| 11| | 16| |  8| 
| 10| | 15| | 13| 
| 20| | 14| | 19| 

Card #258
| 20| |  4| | 17| 
| 18| | 14| | 19| 
|  2| |  3| |  5| 

Card #259
|  4| | 18| | 16| 
| 20| |  7| | 14| 
|  5| | 19| | 13| 

Card #260
| 13| | 17| |  5| 
| 18| | 20| |  9| 
|  2| |  4| | 19| 

Card #261
| 14| | 19| |  5| 
| 17| | 18| | 20| 
| 15| | 12| | 16| 

Card #262
| 10| | 20| | 14| 
| 18| |  3| | 19| 
| 15| | 17| | 13| 

Card #263
|  8| | 11| | 19| 
| 14| | 17| |  4| 
| 18| | 15| | 20| 

Card #264
| 13| |  5| | 18| 
| 19| | 15| |  7| 
|  8| | 12| | 20| 

Card #265
| 19| | 15| |  1| 
| 20| | 13| | 18| 
|  4| | 17| | 14| 

Card #266
|  9| | 15| | 19| 
| 20| | 18| | 16| 
| 14| |  5| | 17| 

Card #267
| 16| |  5| | 12| 
|  1| | 17| | 20| 
| 11| | 18| | 19| 

Card #268
|  4| | 20| |  7| 
|  3| | 17| | 19| 
| 13| | 15| | 18| 

Card #269
| 19| | 12| |  6| 
| 14| | 20| | 11| 
|  4| |  5| | 16| 

Card #270
|  6| |  8| |  5| 
| 19| | 20| | 12| 
| 17| | 18| |  3| 

Card #271
|  3| | 19| |  2| 
|  5| | 12| | 20| 
| 13| | 15| |  9| 

Card #272
| 16| | 19| | 11| 
|  3| | 17| | 18| 
| 13| |  9| | 20| 

Card #273
| 15| | 19| | 16| 
| 14| | 11| | 18| 
|  3| |  4| | 20| 

Card #274
| 10| |  1| | 14| 
|  5| | 12| | 20| 
| 16| |  7| | 19| 

Card #275
| 17| |  9| | 15| 
| 20| | 14| |  5| 
| 18| | 19| | 10| 

Card #276
|  2| | 17| | 19| 
| 20| | 18| | 16| 
|  4| | 13| | 14| 

Card #277
|  2| | 20| | 18| 
| 19| |  5| |  3| 
| 11| | 15| | 16| 

Card #278
|  8| | 17| |  5| 
| 20| | 12| |  2| 
| 11| | 18| | 19| 

Card #279
| 20| | 19| |  6| 
|  8| | 12| |  2| 
| 16| | 10| |  9| 

Card #280
| 14| | 20| |  3| 
| 18| | 13| |  2| 
| 11| | 17| | 15| 

Card #281
| 17| | 20| | 18| 
| 14| | 19| | 13| 
|  7| |  1| | 16| 

Card #282
| 14| |  7| | 20| 
|  6| | 18| | 16| 
| 15| | 19| | 13| 

Card #283
| 16| |  2| | 20| 
| 14| |  7| | 17| 
| 12| | 15| | 19| 

Card #284
| 16| | 19| |  8| 
| 15| | 13| | 17| 
|  3| | 20| |  6| 

Card #285
| 17| | 11| |  4| 
|  9| | 10| | 18| 
| 14| | 12| | 20| 

Card #286
| 16| | 15| | 20| 
|  7| | 13| | 18| 
| 19| | 17| |  2| 

Card #287
| 11| | 16| | 10| 
|  3| |  1| | 19| 
| 20| | 17| |  5| 

Card #288
| 13| | 18| | 19| 
| 11| | 17| | 15| 
| 20| | 16| |  9| 

Card #289
| 18| | 20| | 17| 
| 16| |  9| |  5| 
| 15| | 19| | 14| 

Card #290
|  6| | 18| | 12| 
| 20| | 16| | 17| 
|  5| |  4| | 19| 

Card #291
| 15| |  8| | 20| 
| 19| | 16| | 13| 
|  4| | 12| | 17| 

Card #292
| 20| |  4| | 17| 
|  2| |  1| | 19| 
| 10| |  9| | 18| 

Card #293
| 13| |  8| | 20| 
|  4| | 16| | 17| 
| 19| |  9| | 15| 

Card #294
| 18| | 13| |  7| 
| 17| | 20| | 16| 
| 19| |  2| | 12| 

Card #295
| 17| | 19| | 16| 
| 11| |  9| | 14| 
| 18| | 20| | 12| 

Card #296
| 13| |  8| | 16| 
| 20| | 15| |  2| 
|  9| | 18| | 19| 

Card #297
| 20| |  8| | 18| 
|  1| | 17| | 19| 
|  5| |  4| | 10| 

Card #298
| 20| | 16| |  4| 
| 18| | 17| | 12| 
|  7| | 14| | 19| 

Card #299
| 15| | 18| |  1| 
| 16| |  2| |  9| 
| 20| | 19| | 12| 

Card #300
| 14| | 17| | 19| 
|  8| |  3| | 20| 
| 16| | 18| |  4| 

Card #301
| 14| | 18| |  6| 
| 19| | 16| | 15| 
| 10| | 13| | 20| 

Card #302
|  4| | 14| |  8| 
| 12| |  3| | 20| 
| 17| | 19| | 11| 

Card #303
|  4| | 16| | 12| 
| 17| | 10| | 18| 
| 20| | 19| | 13| 

Card #304
| 19| | 11| |  6| 
|  8| | 16| | 20| 
| 18| | 17| | 13| 

Card #305
| 20| | 16| |  1| 
| 19| |  2| | 13| 
| 12| |  7| | 18| 

Card #306
| 13| | 19| | 18| 
|  1| | 10| | 17| 
| 16| |  9| | 20| 

Card #307
| 12| | 13| |  1| 
| 20| | 19| | 18| 
| 16| | 14| |  3| 

Card #308
|  2| | 14| | 20| 
|  4| |  3| | 13| 
| 16| | 15| |  7| 

Card #309
|  4| | 19| | 18| 
| 16| | 17| |  8| 
| 20| | 10| | 12| 

Card #310
| 19| | 18| |  3| 
| 20| |  7| | 13| 
| 12| | 16| | 17| 

Card #311
|  4| | 18| | 20| 
| 10| | 19| | 16| 
| 14| |  8| |  9| 

Card #312
| 13| |  6| |  2| 
| 19| | 14| | 17| 
| 20| | 10| | 16| 

Card #313
| 20| | 16| |  4| 
| 10| | 15| |  3| 
|  2| | 19| | 18| 

Card #314
|  7| | 16| | 14| 
| 20| | 13| | 17| 
| 15| |  4| | 19| 

Card #315
| 19| | 17| | 10| 
| 14| |  5| | 20| 
| 16| |  2| | 18| 

Card #316
| 19| | 16| |  5| 
| 10| | 11| | 18| 
| 20| |  4| |  8| 

Card #317
| 20| | 12| |  6| 
| 13| | 15| | 18| 
| 19| | 17| |  9| 

Card #318
| 11| | 19| | 17| 
| 15| |  6| | 14| 
| 18| | 16| | 20| 

Card #319
|  7| | 20| |  8| 
| 10| | 16| | 18| 
| 19| | 14| |  2| 

Card #320
| 20| | 15| |  6| 
| 16| |  1| | 18| 
|  3| |  2| |  8| 

Card #321
| 12| | 18| |  6| 
|  3| | 19| | 20| 
| 16| |  9| |  2| 

Card #322
| 20| | 14| |  4| 
| 19| |  6| |  9| 
|  2| | 15| | 11| 

Card #323
| 18| | 20| | 12| 
| 19| | 17| | 10| 
| 16| | 13| | 11| 

Card #324
| 18| | 13| | 17| 
|  8| | 20| |  1| 
| 19| | 11| |  6| 

Card #325
| 12| |  1| | 15| 
| 20| |  7| | 19| 
| 16| |  9| | 17| 

Card #326
| 19| | 14| |  5| 
| 10| |  3| |  9| 
| 20| | 13| | 16| 

Card #327
| 13| | 20| | 15| 
|  1| |  7| | 19| 
| 17| | 11| | 14| 

Card #328
| 14| |  9| |  8| 
| 12| | 20| |  5| 
| 15| | 17| | 19| 

Card #329
|  6| | 20| | 17| 
| 12| | 15| | 16| 
|  8| | 18| | 19| 

Card #330
| 13| | 18| |  9| 
| 19| |  7| | 14| 
| 15| | 20| | 10| 

Card #331
| 20| | 15| | 13| 
|  6| | 18| | 12| 
| 17| |  9| | 19| 

Card #332
|  3| | 19| |  1| 
| 18| | 15| | 14| 
| 13| |  8| | 20| 

Card #333
| 20| | 15| | 12| 
| 18| | 16| | 19| 
| 17| |  6| | 10| 

Card #334
| 17| |  9| | 15| 
| 18| | 11| | 19| 
| 20| |  4| |  5| 

Card #335
| 20| | 18| |  5| 
| 11| | 17| | 10| 
|  1| |  7| | 16| 

Card #336
| 12| | 19| |  8| 
| 10| | 18| | 11| 
| 20| |  2| | 16| 

Card #337
| 19| | 12| | 16| 
| 11| | 18| | 20| 
| 14| | 15| | 13| 

Card #338
| 13| | 15| |  2| 
| 19| | 16| | 18| 
|  8| | 12| | 20| 

Card #339
|  4| |  6| | 17| 
| 13| | 18| | 16| 
| 19| |  2| | 20| 

Card #340
|  9| | 13| | 15| 
| 17| |  2| | 14| 
|  6| | 19| | 20| 

Card #341
| 15| | 13| | 20| 
| 19| |  9| |  5| 
| 17| | 18| |  2| 

Card #342
| 20| |  1| | 19| 
| 12| | 15| | 10| 
|  3| | 16| | 18| 

Card #343
| 13| | 20| | 19| 
| 14| | 17| | 16| 
|  8| |  6| | 18| 

Card #344
| 20| | 11| | 13| 
|  3| |  4| | 19| 
|  6| | 16| | 17| 

Card #345
| 13| | 20| | 17| 
| 15| |  1| | 14| 
|  3| | 19| | 18| 

Card #346
| 19| | 10| |  8| 
| 15| | 13| | 20| 
| 18| | 16| |  5| 

Card #347
|  3| | 11| |  6| 
| 20| | 18| |  4| 
|  1| | 16| | 15| 

Card #348
| 12| | 18| | 16| 
| 19| | 10| | 20| 
|  8| | 13| |  2| 

Card #349
| 10| |  3| | 17| 
| 18| | 14| | 15| 
| 11| | 12| | 20| 

Card #350
|  6| | 16| |  5| 
| 19| | 20| | 17| 
|  7| |  1| | 15| 

Card #351
| 18| |  1| | 12| 
| 19| | 15| | 16| 
| 17| | 13| | 20| 

Card #352
| 20| | 15| | 18| 
| 12| | 11| | 14| 
|  4| | 19| | 10| 

Card #353
| 17| | 16| | 20| 
| 11| | 13| |  7| 
| 14| | 15| | 19| 

Card #354
| 15| |  3| | 16| 
|  1| | 18| |  6| 
| 19| | 20| | 14| 

Card #355
| 16| | 14| | 18| 
|  8| | 19| | 11| 
| 20| |  5| | 15| 

Card #356
|  3| |  9| | 20| 
|  5| |  7| | 15| 
| 16| | 18| | 19| 

Card #357
| 14| |  5| | 17| 
|  6| | 18| | 20| 
| 12| | 15| | 11| 

Card #358
|  6| | 11| | 19| 
| 17| | 16| | 14| 
| 15| | 20| |  8| 

Card #359
| 11| | 20| | 16| 
| 10| |  9| | 19| 
| 13| | 15| |  5| 

Card #360
| 17| |  3| |  4| 
|  7| | 19| |  6| 
| 18| | 16| | 20| 

Card #361
| 19| | 12| |  7| 
| 17| | 14| | 18| 
|  4| | 20| | 15| 

Card #362
| 20| | 18| | 11| 
|  2| | 12| |  6| 
| 17| | 19| | 15| 

Card #363
| 20| |  3| | 13| 
| 19| | 16| | 14| 
| 18| | 17| |  6| 

Card #364
| 19| | 14| | 18| 
| 11| |  3| | 12| 
|  9| |  7| | 20| 

Card #365
| 16| | 20| | 15| 
|  4| | 13| | 19| 
| 11| | 18| | 12| 

Card #366
| 16| | 14| |  5| 
| 18| | 20| |  1| 
| 17| | 13| |  6| 

Card #367
| 17| | 18| | 10| 
|  4| |  2| |  3| 
| 19| | 20| | 16| 

Card #368
|  4| | 14| | 12| 
| 17| |  6| | 18| 
| 16| | 20| | 11| 

Card #369
| 19| | 17| | 16| 
| 20| | 15| | 11| 
|  9| |  7| | 18| 

Card #370
| 16| | 12| | 19| 
|  9| | 13| | 14| 
| 20| | 10| | 18| 

Card #371
| 19| |  5| | 20| 
| 17| | 10| |  3| 
| 15| | 12| |  9| 

Card #372
| 20| |  7| |  2| 
| 12| |  6| | 18| 
| 19| |  1| | 15| 

Card #373
| 20| | 14| | 16| 
| 19| | 18| | 10| 
| 17| |  4| | 13| 

Card #374
|  7| | 15| | 19| 
| 20| |  6| |  3| 
|  2| |  5| | 17| 

Card #375
| 20| | 12| | 18| 
| 13| | 15| | 19| 
| 14| | 17| |  8| 

Card #376
| 14| | 13| |  9| 
| 15| | 19| | 20| 
| 18| |  2| |  5| 

Card #377
| 19| |  2| | 11| 
| 20| | 17| |  8| 
| 18| | 15| | 14| 

Card #378
| 11| | 20| | 17| 
|  3| | 18| | 15| 
| 19| | 14| |  9| 

Card #379
|  1| | 19| | 15| 
| 13| | 18| | 17| 
|  9| | 20| | 16| 

Card #380
| 19| | 17| |  7| 
| 18| | 20| | 12| 
|  1| | 16| |  9| 

Card #381
| 13| | 14| | 20| 
| 19| | 18| |  4| 
| 15| | 12| |  5| 

Card #382
| 20| | 18| | 15| 
| 16| | 19| | 12| 
| 17| | 11| |  4| 

Card #383
|  3| | 20| |  4| 
| 19| | 17| |  6| 
| 16| | 14| | 18| 

Card #384
| 20| | 18| | 16| 
| 19| |  3| | 15| 
| 12| | 13| | 17| 

Card #385
| 17| | 20| | 19| 
| 11| |  3| | 16| 
| 18| |  7| |  5| 

Card #386
| 16| |  8| | 20| 
| 19| | 11| | 10| 
|  4| | 18| |  7| 

Card #387
|  7| | 19| | 20| 
| 16| |  5| | 18| 
|  6| | 17| |  8| 

Card #388
| 19| |  9| | 14| 
| 20| |  8| | 11| 
| 16| | 18| | 15| 

Card #389
|  5| | 18| | 14| 
|  9| | 20| | 13| 
| 11| | 19| | 17| 

Card #390
| 17| | 12| | 13| 
|  3| | 14| | 20| 
|  7| |  6| |  5| 

Card #391
| 20| | 18| | 17| 
| 15| |  8| | 19| 
| 16| |  1| | 14| 

Card #392
| 15| |  3| | 19| 
| 17| | 18| |  9| 
| 10| | 20| | 13| 

Card #393
| 16| | 14| | 12| 
| 10| |  1| | 15| 
| 18| | 17| | 20| 

Card #394
| 12| | 20| |  6| 
|  7| |  1| | 19| 
|  2| | 16| |  4| 

Card #395
| 17| | 14| |  7| 
|  1| | 15| |  4| 
| 20| | 11| | 19| 

Card #396
| 11| |  2| | 18| 
|  9| | 17| | 12| 
| 20| | 19| | 16| 

Card #397
| 19| |  5| | 15| 
| 20| | 18| |  3| 
|  1| |  9| | 17| 

Card #398
| 19| |  4| |  3| 
| 11| |  5| | 17| 
| 15| |  6| | 20| 

Card #399
| 14| | 20| |  9| 
| 16| | 15| |  2| 
| 17| |  6| | 19| 

Card #400
| 20| | 16| | 14| 
|  6| | 19| | 18| 
| 17| |  5| |  7| 

Card #401
| 12| | 15| | 11| 
| 14| | 20| | 18| 
| 10| | 19| |  3| 

Card #402
| 18| | 19| | 11| 
| 13| |  8| | 14| 
| 20| |  4| |  9| 

Card #403
| 14| | 12| | 18| 
| 19| |  1| | 20| 
| 17| |  3| |  4| 

Card #404
| 20| |  7| | 15| 
| 16| | 12| | 17| 
| 19| |  9| | 18| 

Card #405
| 13| |  8| | 20| 
| 15| | 17| | 19| 
|  6| | 18| | 12| 

Card #406
|  5| | 16| | 20| 
|  1| |  8| | 19| 
| 10| | 15| | 17| 

Card #407
| 19| | 18| | 17| 
| 15| |  1| | 16| 
|  4| | 20| | 13| 

Card #408
|  8| | 18| | 14| 
| 20| | 17| |  4| 
|  2| | 15| | 19| 

Card #409
| 14| | 16| | 11| 
|  2| | 19| | 18| 
| 20| | 15| |  9| 

Card #410
| 10| | 19| | 20| 
|  3| | 14| | 11| 
| 18| | 15| |  1| 

Card #411
|  5| | 18| | 16| 
| 13| |  1| | 17| 
| 19| | 20| |  6| 

Card #412
| 15| | 20| |  8| 
| 14| | 10| | 11| 
|  2| |  1| | 18| 

Card #413
|  4| |  3| |  2| 
|  8| | 15| | 20| 
| 18| | 16| | 17| 

Card #414
| 20| | 11| |  1| 
| 15| |  7| | 12| 
|  8| | 19| | 16| 

Card #415
|  7| | 20| | 18| 
| 17| |  1| |  5| 
| 15| |  9| | 19| 

Card #416
| 19| | 18| |  7| 
|  9| | 16| | 12| 
| 13| | 15| | 20| 

Card #417
|  3| | 17| | 18| 
| 15| |  4| | 14| 
|  5| | 19| | 20| 

Card #418
| 18| | 15| |  1| 
| 19| | 20| |  2| 
|  7| | 16| |  5| 

Card #419
| 11| | 19| | 16| 
|  1| |  3| | 17| 
| 20| |  6| | 18| 

Card #420
| 10| |  9| | 11| 
| 20| |  7| | 18| 
|  5| | 16| | 15| 

Card #421
|  1| | 12| | 20| 
| 13| |  7| | 15| 
| 11| | 17| | 19| 

Card #422
|  2| |  1| | 18| 
|  8| | 17| | 16| 
| 20| | 19| | 13| 

Card #423
| 20| | 13| |  6| 
| 15| | 12| | 19| 
|  7| | 18| | 17| 

Card #424
| 18| |  8| | 15| 
| 20| | 12| | 13| 
| 17| | 11| |  6| 

Card #425
| 20| | 13| | 18| 
|  6| | 19| | 17| 
| 15| | 10| |  7| 

Card #426
| 10| | 18| | 16| 
| 15| | 20| |  4| 
|  2| | 19| | 13| 

Card #427
| 19| |  3| | 18| 
| 13| |  2| |  8| 
| 12| | 20| | 16| 

Card #428
| 11| | 20| |  3| 
| 13| | 15| | 18| 
| 17| |  4| |  6| 

Card #429
| 13| | 19| | 10| 
| 17| | 11| | 20| 
| 15| |  2| |  1| 

Card #430
| 17| |  7| | 16| 
| 18| | 14| |  4| 
| 20| | 10| | 19| 

Card #431
| 11| | 15| | 10| 
|  6| | 20| | 18| 
| 17| | 19| |  1| 

Card #432
| 20| | 15| |  9| 
| 11| | 16| | 18| 
| 14| | 19| | 13| 

Card #433
| 13| | 20| | 15| 
|  5| | 17| | 18| 
| 12| |  6| | 19| 

Card #434
| 19| | 14| | 16| 
| 20| |  8| | 17| 
| 13| |  9| |  2| 

Card #435
| 10| | 19| |  2| 
| 17| | 16| | 14| 
| 20| | 11| | 15| 

Card #436
| 11| | 19| | 16| 
| 18| | 13| | 20| 
|  3| |  5| | 17| 

Card #437
|  2| | 18| | 20| 
| 16| | 19| | 14| 
|  5| |  6| |  4| 

Card #438
| 16| |  8| |  2| 
| 14| | 15| | 20| 
| 19| | 17| |  7| 

Card #439
| 12| | 17| |  5| 
| 18| | 13| | 20| 
| 19| |  4| | 11| 

Card #440
| 13| |  5| | 12| 
| 18| |  1| | 14| 
| 10| | 20| | 11| 

Card #441
|  1| |  3| | 20| 
| 14| | 15| | 19| 
|  8| | 18| | 16| 

Card #442
|  8| | 20| |  3| 
| 17| | 14| |  1| 
| 11| | 16| |  5| 

Card #443
| 16| |  3| | 19| 
| 14| |  1| | 18| 
|  9| | 12| | 20| 

Card #444
| 12| | 13| |  2| 
| 19| | 18| |  8| 
| 17| | 20| |  3| 

Card #445
|  2| |  6| | 16| 
| 15| | 18| | 19| 
| 20| | 13| |  3| 

Card #446
|  3| | 18| | 16| 
|  2| | 11| | 20| 
| 17| | 10| | 19| 

Card #447
| 15| | 19| | 20| 
| 17| |  9| |  7| 
|  4| | 18| | 13| 

Card #448
| 15| | 16| | 18| 
|  5| | 19| | 20| 
|  8| |  2| | 14| 

Card #449
| 19| | 18| | 10| 
|  1| |  5| | 12| 
| 20| |  7| | 17| 

Card #450
|  2| | 19| | 16| 
| 17| | 11| |  5| 
| 20| |  9| | 13| 

Card #451
|  4| | 20| | 12| 
|  6| | 14| | 16| 
| 13| | 18| | 17| 

Card #452
|  4| |  7| | 16| 
| 20| | 18| | 12| 
| 19| |  8| | 17| 

Card #453
| 14| | 16| |  4| 
|  8| | 20| | 19| 
| 11| |  5| | 18| 

Card #454
| 20| |  9| |  5| 
| 10| | 13| | 17| 
| 18| | 19| | 11| 

Card #455
|  8| | 13| |  6| 
|  7| | 11| | 16| 
| 17| | 20| | 19| 

Card #456
|  4| | 20| |  7| 
| 14| | 11| | 12| 
| 18| | 16| | 19| 

Card #457
| 13| | 17| | 19| 
| 20| |  5| | 12| 
| 18| | 11| | 16| 

Card #458
| 16| | 18| | 10| 
| 19| | 12| |  4| 
| 11| | 17| | 20| 

Card #459
| 17| |  8| |  4| 
| 13| | 10| |  6| 
| 19| | 20| | 15| 

Card #460
| 18| | 10| |  2| 
| 13| | 15| | 11| 
| 14| | 20| | 17| 

Card #461
| 19| | 20| | 12| 
|  1| | 18| | 11| 
|  9| |  5| | 14| 

Card #462
| 20| | 10| |  5| 
| 16| | 19| |  7| 
| 17| | 18| | 11| 

Card #463
| 20| | 18| |  9| 
|  8| | 17| | 16| 
| 19| | 11| | 10| 

Card #464
| 15| | 16| | 17| 
| 19| |  7| | 12| 
| 20| | 18| | 10| 

Card #465
| 15| |  3| | 18| 
| 13| | 17| | 20| 
| 19| | 16| |  4| 

Card #466
| 10| | 18| | 20| 
| 16| | 11| | 19| 
|  1| | 17| |  8| 

Card #467
| 16| | 19| | 18| 
| 17| | 15| |  5| 
| 20| |  6| | 12| 

Card #468
| 17| | 16| | 19| 
| 10| | 14| | 18| 
|  2| |  1| | 20| 

Card #469
| 18| | 19| | 20| 
| 14| | 17| |  8| 
|  2| |  6| | 15| 

Card #470
| 19| |  5| | 20| 
| 12| |  8| | 16| 
| 18| |  7| | 11| 

Card #471
| 19| | 20| | 18| 
|  9| | 16| |  5| 
|  8| | 14| |  7| 

Card #472
|  4| |  5| |  2| 
| 20| | 19| | 12| 
| 18| | 17| | 16| 

Card #473
|  2| | 19| | 15| 
| 16| |  1| | 17| 
| 20| |  7| | 14| 

Card #474
|  3| | 11| | 17| 
| 19| | 20| | 15| 
| 13| | 16| | 14| 

Card #475
| 14| | 20| | 15| 
| 16| | 13| |  5| 
| 11| | 19| | 18| 

Card #476
| 19| | 11| |  2| 
| 16| | 18| | 20| 
| 17| |  8| |  7| 

Card #477
|  2| |  9| |  3| 
| 20| | 18| | 17| 
| 16| | 10| | 19| 

Card #478
| 19| | 17| | 16| 
| 14| | 13| |  1| 
| 11| | 20| | 18| 

Card #479
|  6| | 16| |  8| 
| 17| |  1| | 11| 
|  3| | 20| | 18| 

Card #480
|  5| | 10| | 15| 
| 18| | 13| | 20| 
|  9| | 14| | 16| 

Card #481
| 17| |  3| | 19| 
| 12| | 14| |  1| 
| 20| |  6| | 13| 

Card #482
| 20| | 11| | 18| 
| 17| |  9| |  2| 
| 12| | 19| |  1| 

Card #483
|  9| | 19| |  6| 
| 17| | 20| | 18| 
| 14| | 11| | 15| 

Card #484
|  1| | 15| | 16| 
| 18| | 14| | 19| 
| 20| |  3| |  5| 

Card #485
| 17| | 10| | 16| 
| 18| | 14| |  3| 
| 19| | 20| |  2| 

Card #486
|  5| | 19| |  8| 
| 20| | 14| |  9| 
| 13| | 17| |  3| 

Card #487
|  9| | 12| | 19| 
| 15| | 18| | 13| 
| 20| |  7| | 17| 

Card #488
|  5| | 15| | 12| 
| 14| | 11| | 17| 
| 19| | 20| | 18| 

Card #489
|  3| |  9| | 11| 
| 19| | 20| | 16| 
| 17| |  4| | 13| 

Card #490
| 12| | 20| | 19| 
|  5| | 15| | 18| 
| 10| |  1| |  6| 

Card #491
| 14| | 20| | 12| 
|  2| | 19| | 13| 
| 11| |  5| | 16| 

Card #492
| 12| |  3| |  6| 
| 15| | 17| | 19| 
| 20| | 18| | 11| 

Card #493
| 16| | 19| | 11| 
|  7| | 18| |  8| 
| 14| | 13| | 20| 

Card #494
|  4| | 18| | 17| 
|  5| | 11| | 20| 
| 14| | 19| | 15| 

Card #495
| 15| |  8| | 13| 
| 18| | 19| | 20| 
|  3| |  6| | 17| 

Card #496
|  4| |  5| | 19| 
| 11| | 14| | 13| 
| 17| |  8| | 20| 

Card #497
|  7| | 18| | 19| 
| 16| | 17| | 11| 
|  3| | 20| |  1| 

Card #498
| 10| | 16| |  6| 
| 18| |  2| | 20| 
| 15| | 17| | 19| 

Card #499
|  4| | 18| | 13| 
|  8| | 11| |  1| 
| 12| | 20| | 15| 

Card #500
|  2| |  3| |  8| 
| 19| | 17| | 20| 
| 18| |  7| | 14| 

